150
191
162
102
86
19
228
53
24
46
130
225
167
157
88
52
207
234
255
185
145
95
146
185
1
102
238
92
110
1
255
62
183
37
108
25
2
7
53
146
41
216
220
107
148
247
145
170
21
122
245
14
42
110
140
229
175
0
73
117
215
169
228
167
251
130
8
241
29
94
42
6
250
46
248
90
205
29
33
123
106
221
233
90
242
179
66
144
152
12
9
82
47
40
57
177
232
240
246
160
36
10
155
217
149
70
12
129
49
49
56
229
124
95
246
102
12
184
130
105
156
22
71
70
184
79
36
24
136
231
33
29
56
121
100
235
171
16
133
50
244
152
145
246
217
138
179
216
82
232
